- OS: Windows-10-10.0.22621-SP0 10.0.22621
- Python: 3.10.13
- Stable-Baselines3: 2.2.1
- PyTorch: 2.2.1+cu121
- GPU Enabled: True
- Numpy: 1.26.3
- Cloudpickle: 3.0.0
- Gymnasium: 0.29.1
- OpenAI Gym: 0.26.2
